31,37,33,5,10,12
30,37,34,5,13
31,38,34,1,16,23
31,37,35,5
30,37,34,1,4,5,9,21
31,37,34,17,23
30,39,32,27
30,37,35,5
31,37,34,21
30,37,34,7
30,40,33,23,27
30,37,34,0,1,4,5,8,10,12,21,23
30,37,33,1,2,4
30,37,34,0,5,6,7,13,23
30,39,34,1,5,13,20,25,26,27
30,40,35,1,5
31,37,35,1,20
30,39,33,23
31,37,35,1,2,5
30,37,35,5,9
30,39,33,0,1,5,7,8,12,21,23
31,37,35,0,1,4,5,12,23
30,37,34,1,5,20
31,39,34,5,10,23
31,38,33,0,3,5,8,12,13
30,38,33,5
30,37,34,4,5,8,11
31,37,35,10,12,13,20,23
31,37,35,8,26
30,37,34,1,13,26
30,37,35,1,2,20
31,40,33,23
30,37,34,1,5,9,12,13,20,23,26
31,37,34,23
30,37,35,5,9
31,37,34,27
31,37,34,0,3,4,8,10
30,39,34,5,7,26,27
30,38,34,5
31,37,35,2,5
31,38,35,0,1,4,5,10,11,12
31,41,34,6,23
30,37,33,9,23
31,37,34,13
30,37,32,21
31,37,35
31,37,35,0,5
31,37,35,1,5,8,17
30,37,34,0,1,5,7,9
31,37,35,1,11,17,22
30,37,36,0,1,8,23
31,40,34,5,11
30,40,35,0,2,5,12,20,23
31,37,35,1,5,12,13,20,23
30,37,35,0,1,5,8,9,20,21,23
30,37,35,0,1,3,5,8,10,12
31,37,35,0,1,5
30,41,33,13,26
30,40,34,5,7,9,11,13,20,23,26
30,40,34,13,26
30,37,35,5,9
30,37,36,0,1,2,5,11,12,25
30,37,34,5,12
30,37,32,1,26,27
31,37,35,8
31,37,35,4,5,8,12,23
31,37,35,5,13
30,37,35,0,1,5
31,37,35,0,3,8
30,41,34,5,23
31,37,34,1,22,23
31,37,36,0,1,2,5,8
31,38,35,1,7,23
30,37,34,0,13,22,23
31,37,34,1,5
30,37,35,0,4,5,8,9
30,41,34,1,2,5,23
30,37,34,0,5,9,12,21
31,38,33
30,41,33,5,9
31,37,33,9
31,37,35,5,23,26
31,37,36,0,5,23
30,37,34,5,9
31,38,33,17
30,37,35,1,17
30,37,35,1,4,5,11,12,23
31,37,35,0,8
30,40,35,1,5,7,9
30,37,35,1,5,8,18
30,40,33,1
31,38,34,5,13,20,23,26
31,37,35,0,1,2,4,5,9
30,37,33,18
31,38,32,23
31,37,33
30,37,34,0,23
30,37,34,0,8,16,22,23,27
31,37,36,0,1,2,4,5,8,9,12,23,28
31,40,35,0,1,4,9,20
31,37,36,5,19,23
30,37,32
31,37,35,3,8,19,20,28
30,38,35,5,7
30,37,35,2,5,20
30,40,35,5
30,37,35,9
31,37,35,1,9,24
30,38,34,0,3,5,8,20
31,37,35,0,1,5,9,14,21,23
31,38,34,5
31,37,35,0,1,2,8,11,13
31,37,35,4,5
30,37,35,5,8
30,37,34,0,1,2,3,8,23,27
30,37,34,17,23
31,39,35,0,3,5,8,9,23
30,37,34,1,7,11,20,23
30,40,34,0,1,8,9,21,23
31,37,36,0,1,5,8,20
31,38,36,1,3,5,7,9,13,18,22,23
30,37,35
31,37,36,1,5,6,11
31,37,34,7,19,25,26
30,37,33,0,1,12,13,20
30,37,36,0,1,2,9,12
31,37,35
30,37,35,1,4,5,8,12
31,37,36,7,9,28
30,39,33,5,12
31,37,34,0,1,3,18
31,37,35,4,5
30,37,34,8,10,21
31,40,33,0,20
31,37,34,10
30,38,34,9
31,41,34,1,8,11,23
30,38,32,0,1,5,8,20,23
30,37,34,5,7,8,9,20,23
30,38,34,5,7,10,12
31,37,36,4,7,9,17,22,23
31,39,32,8,23,27
31,37,35,0,1,9,13
31,37,34,11
31,37,34,1,5,9,13,17,21,23
30,40,35,6,20
31,37,36,1,23
31,40,35,0,8,22,23
31,40,35,1,3,5,9,17,23
30,37,34,0,2,8,9
30,40,33,20,23,26
30,37,34,17,19,23
30,40,34,5,9
30,37,35
30,37,35,1,5
30,37,33,13
30,37,34,5
30,40,34,5
30,37,34,1,3,7
31,37,33
31,38,34
31,37,35,4
31,37,36,5
31,37,35,0,1,3,4,8,9
31,37,36,2,11,25
30,37,35,0,1,5,9,12,23
30,37,35,1,2
30,37,35,1,5,7,23
30,37,36,5
31,40,35,1,2,5,8
30,37,33,7
30,37,32,7,26
30,40,34,13,18,23,26,27
31,37,36,5,8,10,12,23
30,37,34,7,15,16
30,37,35,11
30,37,36,0,2,12,23
30,37,35,0,5,12,20
30,37,35,1,2,4,5,9,16
31,37,36,0,1,2,3,8,23
30,37,34,1,3,8,9,13
31,37,35,1,2,22,23
30,37,35,1,5,19
30,37,36,1,5,23,25
30,37,34,5,6,7
31,37,36,4,7,10
31,37,36,1,4
30,37,35,0,1,2,5,8,12
31,37,36,0,1,5,9
30,37,36,1,2,5,7,8,12,20
30,37,35,1,8,22,23
30,37,33,0,1,2,27
31,41,33,0,1,5,23
30,38,34,0,7
31,37,35,0,23
31,37,35,0,8,17
30,37,35,1,2,5
31,41,34,5,11
30,37,34
31,37,34,5
30,37,34,5,19,20,23
30,40,34,5
31,37,35,3,5,8,12,23,25
30,40,33,5,8,9
30,37,35,1,5,9,23
31,37,34,0,22
31,37,35,5,7,23
31,37,35,2
31,37,32,13,20,26,27
30,38,35,5,9,18
30,37,35,6,7,10,22
30,37,35,0,1,5
31,38,34,5,6,7,8
30,37,34,5,7,20,21,23,26
30,37,34,5,9,13
31,37,34,17,23
30,37,36,1,4,5,8
30,38,34,7,13,23,26
31,37,36,0,2,23
30,38,34,0,10,16
31,37,35,2,5
31,38,35,5,23
31,37,33,7,8,19,23,27
30,40,34,1
30,37,35,5,18
30,41,36,0,5,9,12,23
31,37,34,1,3,8,13,20,23,26
30,40,33
31,37,35,0,2,5,10,11,12,23,25
31,37,36,5,8
30,38,36,0,3,5,8,9
30,41,33,8,26
31,38,36,0,2,5,25
30,37,35,5,11
30,37,35,17,23
31,37,33,1,23,25
31,37,34
31,40,34,5,9
31,37,35,5,11,12,16
30,37,35,0,4,5,7,10,12,22,23
31,40,34,5,7,20,25,26
31,37,33,5
31,37,34,5,7
30,39,32
31,37,33,7,24
31,40,34,5,13,20
30,37,35,1,5,12,23
30,37,36,1,3,5,7,8,11,20
31,40,35,0,1,5,9,11,20
31,37,33,1
31,37,34,5,9,11
30,37,35,1,7,8,11,22,23
30,37,36,0,1,11
30,42,34,0,1,5,8,23
31,37,35,0,1,2,5,8,9,23
31,39,34,13,20,23
31,41,35,11,17,23
31,37,34,5,8
31,37,34,7,17,23
31,38,33,1,5,8,23
30,37,36,0,1,2,4,5,12,23
31,37,36,0,1,2,3,5,7,8,9,23
31,37,34,1,5,7,20,23
30,37,34,23
31,37,34,5,17
31,37,33,8,23
30,37,34,13,18
31,37,35,0,1,2,5,9,20,23
31,38,35,0,5,7,10,12,20,23
30,37,34,0,1,2,5,10,12
30,37,36,0,1,3
30,37,36,1,5,7,9,17,19,22,23
30,37,35,1,2,8,10,17,19,20
30,37,34,5,24
30,37,34,5,9,13,18,20,23
31,37,35,5
30,38,34,13,15,27
31,40,35,4,5,11
31,37,35,1,20,22
31,38,35,0,1,2,3,19
30,37,34,7,9,13
30,37,35,0,1
31,37,35,5,8
30,37,35,5,22
30,38,33,23
31,37,36,0,3,5,8
30,37,35,0,5,9
30,40,35,1,5
30,37,35,0,1,5,9,20,23
31,40,35,7,20,23
30,38,34,6,21
30,37,33,18
30,37,35,1,5
31,38,33,2,8
30,37,35,0,5,7,26
30,37,36,1,5,8
31,37,35,1,3,5,23
31,37,34
30,37,35,1,2,7,8,13,26
31,37,34,7,9,11,21
31,38,35,0,5,10,12
31,40,34,5,7,27
31,40,35,0,3,8,19
30,37,34,3,8,21
31,40,34,5,8,11
30,38,35,5,8,27
30,37,35,4,5
30,40,33,13,20
31,40,35,1,5,9,11,12,23
31,40,35,1,5,16
30,37,33,2,5
30,37,35,0,4,5,8,9
31,37,35,0,1,2,3,5,8,9,11,12,24
30,37,34,5,20
30,40,35,0,5,8,12
31,42,35,5,9
30,37,35,1,5,6
30,37,35,5,23
31,39,34,1,3,8,9,21
30,37,35,0,1,5,20
30,37,35,1,5,26
31,40,34,0,1,2,7,8,11
30,41,34,0,1,2
30,39,34,5,9,23
30,37,35,1,10,23
31,38,35,0,2,10
30,37,35,2,12,20,22,24
30,37,33
31,37,34,1
30,39,33
30,38,34,13,20,26
30,40,35,0,1,5,8
30,37,34,6,7,18
31,37,35,3,19,23,24
31,37,35,1,5,8,13,19
30,37,35,0,1,2,3,5,8,12
30,37,33,13,20,26
31,41,35,0,1,2,3,5,8
31,40,36,5
31,37,33,20
31,37,34,1,5,12,20,23,24
30,40,34,1
31,40,34,2
31,39,34,5,17
31,40,36,0,1
31,40,35,0,1
31,37,36,5
30,40,32
31,37,35,0,8
30,37,35,1,3,5,8,12,19
31,37,36,0,1,2,12
30,41,33,2,5,12
30,37,33,4,6,23
30,41,33,1,27
30,40,34,1,5
31,37,35,0,1,5,8,19,22
30,37,35,0,4,8
30,37,34,5
31,37,36,5,23
30,38,35,0,5,18
31,38,34,0,2,5,11,12,19,20
30,37,35,0
31,37,36,5,17
30,37,36,1,13
31,41,33,23
31,37,35,5,12,23
30,39,32,2,13,27
30,40,34,1,5,23
31,37,35,4,5,23
30,38,34,23
30,41,35
31,37,34,1,7
31,39,34,5,10,12,23
30,37,35,5,8
30,38,34,3,5,8,10,12,21,23
30,39,33,5,21
30,37,33,5,6,9,23
30,37,35,23
31,37,34,0,1,3,7,8,9,20,23,26
30,37,34,11,16
30,37,36,1,5,7,12,23
31,37,35,3,4,5,8
30,40,34,21
31,42,32,2
31,37,35,0
30,37,32,8
30,38,34,0,5,7,12,23
30,40,34,7,22,23
31,37,35,5,11,12,23,25
31,37,35,9,11,16
31,37,34,8,11,13,20,22,23,26
30,37,35,0,1,5,8,11
31,37,35,7
30,37,36,0,1,2,3,4,8,11,12
30,38,34,0,5,8,9,12
30,39,33,5,23
30,37,32,27
31,40,35,0,1,13,19,20,23
31,37,34,17
31,37,33,26
31,37,35,5,9,23
30,37,34,0,1,21
31,38,34,13
31,37,36,0,5
30,38,34,5,9
31,37,35,5,11,19
31,41,34,0,1,4,5,10,11,19,20,21,23
30,37,33,0,7,12
31,37,35,0,1,3,5,8,9,12,20
31,37,33
30,37,34,0,8,13,20,21
30,37,36,7,18,23
31,37,34,0,2,4,5
31,38,36,0,1,5,8,9,11,12,20
30,40,35,0,1,4,8,20
30,37,35,0,2,5,9
30,37,35,2,4
31,37,33,1,8
30,37,34,1,9
30,38,35,0,3,5,8,9
30,37,34,10,12,23
31,37,35,4,5,8,9
31,37,35,1,2,5,10,12,23
31,41,33,3,8,13,23
30,37,35,17,23
31,40,34,3,5,8,9,11
30,42,35,0,1,5
30,37,35,9,11,17
30,37,35,0,23
30,37,35,1,12,23
31,37,35,0,1,8
30,37,36,5,6,7,8,22
30,37,34,10,25
30,40,35,0,1,8,12
31,37,35,5,8,23
30,37,34,1,2,5
31,37,34
31,37,34,1,4,5,11,24,26,28
30,37,33,9,13,20,26
30,37,35,4,5,9
31,38,33,6,7,9,23
30,37,33,13,15,20,23
31,37,33,8,10,13,20,23
31,37,36,1,5,11,23
30,37,35,5
31,37,33
31,37,33
31,37,34,17,23
30,38,35,1,2,5,23
30,38,34,5,9,12,13
31,37,35,5,23
30,37,35,5
30,38,35,0,1,2,3,4,8,9
30,38,34,3,5,8,9,21,28
31,38,34,5,10,12
31,40,34,7,22,23
31,40,36,1,5,8
30,37,36,0,5,9,12
31,37,34
30,37,35,5
31,40,35,1,2,5
30,37,33,27
31,37,33,0,5,10,12,20,23
31,37,35,4,5,8
30,40,34,1,5
30,37,33,0
30,37,35,5,7,10,12,25
31,37,36,5,14
30,37,35,0,23
31,37,35,2,10,17
30,37,35,4,5,10,12
31,40,32
31,37,36,5,7,8,23
30,37,33,1,7,13,14,20,21,26
31,37,36,5,12
30,37,33,5
30,37,32
30,40,34,3,5,8,9
30,37,35,1,5,8,9
31,37,34,0,1,5,12
30,37,33,7,9,23
30,37,34,1,13
30,41,33,1,5
30,37,36,0,2,7,23
31,37,35,0,23
31,37,35,1,5,7,18,23
30,37,35,0,1,5
31,40,34,20
30,42,35,1
31,40,35,0,2,5,12
31,37,36,11,23
30,37,35,1,5,13,17,23
30,37,35,2,5,8
30,37,35,1,4,5,8,9
30,38,34,9
31,37,32,25,27
30,37,34,13,20,22,23
31,37,35,5,11,23
30,42,35,1,5,7,12,20
31,38,35,5,8,9,11,23
31,42,33,25
30,38,34,5
31,37,34,1,2
31,37,34,5,12,23
30,37,33,6
30,37,33
31,38,35,0,5,12,23
30,37,33,0,1,11
30,37,35,0,1,5,8,12,23
30,37,35,5,13
30,39,33,1,5,12,23
30,37,35,1,5
30,37,35,0,1,2,4,5,8,9
31,37,34,4,5,11,20,23,26,27
30,40,33
30,37,34
30,42,35,5,8,18,23
30,37,35,0,1,3,5,8,10
31,37,36,0,1,3,8,9
30,40,35,1,8,20,23
30,40,34,0,17
30,37,35,5,12,13,25,26
31,37,36,0,1
31,37,33,5,21
31,40,34,4,13,20,23
31,37,34,0,1,5,12
31,37,35,17,22
31,37,34,8
30,38,34,4,5,12,13,20,22
31,37,35,0,5,20
30,37,35,0,2,5,12,23,25
30,37,35,1,4,7,10,22,23,26
31,37,35,25
30,37,34,0,5,6,9
30,37,34,5
30,37,36,1,11,18,24
30,37,34
31,37,36,0,1,3,5,8,23
31,41,35,0,1,7,9,12,25,26
31,38,35,0,22
31,40,35,5,8
30,37,35,1,5,11,17,20,22
31,42,35,1,5,11,18,23
30,37,34,0,5,10,12,23
30,37,35,4,5
30,41,34,5,11
30,37,34,0,5,7,23
31,37,35,0,1,3,5,8,11,12
31,37,36,0,1,23
31,37,35,1,2,4,5,8
31,39,35,1,5
30,40,32
30,37,35,5,9,11,12,13,20,23,26
31,37,35,5
30,37,34,5
31,37,36,1,5,11,19,22,23
30,37,35,5
31,40,35,0,5,12
30,37,35,4,5,9,11,12,23
30,37,35,5,8,18
30,39,34,5,10,12
31,37,33,7,13,20,23,26
30,37,32
31,37,34,0,5,8,9
30,37,33,10,12
30,37,34,0
30,37,35,3,11,20,22,23,28
30,41,34,1
30,37,36,0,2,5,7
30,40,33,5,26,27
30,40,34,18,23,26
31,37,35,0,1,2,4,5,8,12,23
31,37,35,1,5,10
31,37,36,4,5,8,11,19,20,23,24,25
31,40,34,5
31,40,34,5,9
30,37,33,6,7
30,37,34,3,8,22,26
30,37,34,0,1,4,5,9,11
31,37,34,0,1,5,10,12,21,23
30,37,35,5,8,10,11,12,22,23,28
30,37,33,13,26
30,40,34,20,23
30,37,35,17
30,40,34,5,8,9,12
31,38,34,5,23
31,37,35,6,7,13,23,26
31,37,35,8
31,37,35,0,3,5,8,11,18,23
31,37,35,0,1,2,3,23
30,39,36,9,11,12,23
30,37,34,21
30,37,35,0,1,8
31,38,34,0,1,5,10,12,23
31,37,36,0,1,2,11
31,37,32,23
30,37,35,0,1,5,12
31,37,34,6,20,22,23,28
30,40,35,0,1,4,5,10,12,23
30,37,35,5,17,20
30,37,34,1,2,5
30,37,35,5,10,23
31,37,34
31,41,35,5,11,20,23
30,37,34,2,5,9
31,40,36,0,1,5,11
31,37,35,5,8,9
30,37,35,5
30,37,35,0,5,23
30,37,32,26
30,40,34,5,9,23
30,37,35,0,1,8,12
30,37,35,1,5,12,13,18,20,24,26
31,37,35,0,1,8
31,37,36,0,1,2,9,23
31,42,35,0,5,9
31,38,34,14
30,37,33,1,2,5
30,37,33,5,6,8,9,21
30,42,34,5,9,13,17,20,23
31,38,36,0,5,8,22
31,37,34,0,1,17
30,37,33,5,9,26,27
31,41,36,0,5,12
31,37,36,5,12,20,23
30,37,34,2,4,5,20
31,39,35,0,1,4,5,10,12,20,22,23,24
30,42,36,5
31,38,35,1,5,9
30,41,34,0,1,5,8,23
31,37,36,0,5,12,20
30,38,32,8
31,37,34,5,6,7
31,42,33,11
31,37,35,0,1,5,10,11,13,21,23
31,37,36,1,3,5,8,10,12,23
30,40,34,10,23
31,38,35,5,18
30,37,35,0,5,7
30,37,33,1,2
31,37,35,5,8,18
31,37,35,1,3,5,8,23
30,37,33,1,2,5,8,20
30,37,35,16
30,37,34,1,5,12
31,37,33,13,20,23,26,27
30,37,35,0,1,3,5,8,12,25
31,37,36,3,5,8,17,23
31,37,36,1
30,37,33
31,37,33,8,21,23
30,37,34,1,5,9
30,42,34,5,17,20,23
30,39,34,1,5,9,12,23
31,37,35,7,8,9,17,21,28
30,38,34,0,12,26,27
31,37,33,7,13,20,21,23
31,40,35,5,8,9,20,23
30,37,32,26
31,37,34,0,2,5,7,9,12,13,23
31,37,35,0,1,2,5,23
31,37,34,2,5,6,8,17,19
31,37,35,0,1,4,5,9,12,23,25
31,37,34,0,1,12,17
30,37,34,2,8
30,37,35,19
31,37,34
31,37,35,17,23
30,37,35,5,9
31,37,36,0,1,2,3,5,8,11,12,23
31,37,36,1,5
30,40,32,26,27
31,37,35,0,1,5
31,37,36,8,23
30,37,35,4,5,12
30,38,35
30,37,33,1,5,6,12,26,27
30,37,34,4,13,20,26
30,37,35,1,2,3,5,8,17
30,37,34,2,5,9,20
31,37,34,11
31,37,36,23
30,37,34,5,8,13,26
30,37,36,0,1,5,9,12,23
30,40,35,0,5,10,12
31,37,35,1,4,5,7,12,19
31,37,35,1,5
30,39,33
31,38,35,0,1,5,7,9,12,19,23
30,37,34,0,10,23
31,37,36,11
30,37,35,0,5,8,9
30,38,35,0,2,3,8,18,21,23
30,37,36,0,1
30,40,35,1,5,11,20
30,37,34,0,1
31,37,35,3,5,9,11
31,37,34,5,8
31,37,35
31,40,34,5,8
31,37,35,1,5
30,37,34,5,7,8,9,13,26
30,38,34,3,5
31,37,35,2,7,20
31,37,35,5
31,37,36,0,1,5,20,23
31,38,35,0,1,2,5,9,13,20,23
30,37,34,13
31,37,33
30,37,35,0,1,5,12,14
31,37,35,1,10,12,22,23
31,37,34,17,23
31,37,33,0
31,41,34,2,3,4,5,7,8,23
30,37,33,26
31,37,35,1,2,5,9
31,38,34,5,7
31,40,34,5,8,23
30,37,35,1,4,5,12
30,41,33,5,6,22,23
30,37,34,0,1,5,8,10
31,37,35,22
30,37,36,0,1,2,18
31,37,35,27
31,37,35
30,37,34,5,13,23,26
31,37,34,17
30,40,35,9
30,37,34,6
31,37,35,2,3
30,37,35,1,4,5
30,37,34,5,28
30,40,34,5,9
31,37,34,6,7,8,11,13
30,37,35,5,17,23
31,37,36,5,9
31,37,35
30,37,34
31,38,36,0,5,19,23
31,37,36,5,23
30,37,36,2,17
31,37,35,0,1,5,8,10,11
30,39,34,13,26
30,40,34,5,8,11,13,21,23,26,28
31,38,33
30,37,35,1,5
31,37,34,5,19,21,23
30,37,35,5,8,9,18
31,37,36,0,4,5,8,9
30,37,34,5
31,38,35,5,10,12
30,38,34,5,9
31,42,35,1,5,9,11
31,40,35,5,9
31,37,35,5,8,20
31,37,35,5,7
30,39,34,5,10,12
31,37,34,5,9
31,40,36,8,9,17
31,37,36,0,1,2,5
30,37,33,20,27
30,37,33,26
31,37,34,17
30,37,35,0,1,4,5,10
30,38,36,5,9,12,23
31,37,35,0,5,9
31,37,34,5,8
30,37,34,1,2,4,7
30,37,33,7,13,23
30,37,34,5,8,10,12,13,23
30,37,33,7
31,37,36,5,23
31,37,35,4,5,9
31,37,33
31,37,35,1,5,9,17,21
30,37,35,1,10
30,37,35,5,12,20,23
30,37,35,0,1,5,9,12,23,24
31,37,34,8
30,37,35,0,1
31,37,36,0,1,4,5,19,23,25
30,37,34,13,20,23
30,37,35,1,2,5
30,38,32
30,37,36,5,12,19,23
31,37,35,0,1,4,5,12,20,21
30,41,33
30,40,35,5,10,12,21
30,37,34,5,8,10,21
30,37,35,0,23
30,40,35,4,5,6,9
30,37,35,5
31,37,34
30,37,35,19
31,38,34,5,12
30,37,34,5
31,39,32,11,25
30,37,36,1,4
31,37,33
30,39,33,1,10
30,38,34,1,5,26
30,37,33
30,38,34,5,9,26,27
31,38,35,0,5,9,12
30,37,34,0,10,12
31,37,34,5,23
30,37,35,1,8
30,37,36,5,11,19,24
30,37,34,5
30,37,35,1,5
30,37,34,5
31,40,34,8
30,37,34,1,5
30,37,35,5
31,37,35,5,7
31,38,34,5
30,37,34,5,8
30,37,36,1,5,12,23
30,37,33,5,26
30,37,33,1
30,42,35,1,5
31,40,35
30,40,34,9
31,37,35,8,18
31,39,35,0,1,5,13,21
31,38,34,5
30,37,35,5,9
31,37,34,1,8,21
31,37,35,0,2,3,7
31,37,36,0,1,2,5,6,7,11,19
31,37,34,0,1,9,21
31,37,35,0,5
31,37,35,5,10,22,23,24
30,37,34,0,5,7,9,11,13,18,23
30,40,33,9,20,23,26
30,37,34,4,5
31,37,34,1,2,3,8,13,23,26,27
31,37,33,10
30,37,35,0,1,2,3,8,9,11,12,23
30,43,34,1,7,8
30,38,34,1,5,8,9,12,20,23
31,37,35,8,25
30,37,32
31,42,33,1,5,9,25
30,37,32,8
31,37,35,5,9
30,37,34,5,6,18
30,37,34,5
31,37,34,1,2,4,5,7
31,37,35,0,2,4,23
31,37,34,0,1,5,23,27
30,42,34,1
30,37,35,0,1,2,5,8,9,26
30,37,35,1,2,5,8
31,37,36,0,1,23
31,40,36,0,1,8,17
30,37,35,0,1,2,5,9,11,12,13,20,23
30,42,35,1,5,7,11
30,37,34,0,2,3,5,8,10,12,20,23
30,37,35,1,23
30,38,34,7,26
30,37,35,0,1,8,10,12
30,40,35,5,10,12,23
31,37,35,5,6,7
31,37,34,18,23
30,37,35,1,2,5,20
30,37,35,1
31,37,35
31,37,35,0,2,8,21
30,39,33,23
31,41,34,1,11,12,13
31,37,34,1
31,38,35,4,5,10,12
30,37,36,0,1,5,11,23
30,37,33,12
30,38,35,5
30,38,34,3,5,23
30,37,35,0,5,8,9,12,24
30,37,34,5
31,37,35,0,1
30,37,36,1
30,40,34,8
31,37,36,1,5,7
30,37,35,2,5,9
31,37,33,11,21
30,37,35,1,5,8,9,12,17,23
30,37,34,19
31,37,35,5,8,17
30,41,35,5,6,23
30,37,34,5,8
30,37,36,0,1,2,5,8,23
30,42,35,5,9
31,40,34,0,2,5,20
30,37,35,8
30,37,35,13,26
31,40,36,5,7
30,40,35,1,5,9,13,20,26
31,37,34,28
30,37,34,13,23
31,38,36,0,1,2,3,4,8,12,23
30,37,34,8,10
30,37,34,0,5,9,12,23
31,37,35,5,7
30,42,35,1,10,12,20,23,24
31,37,34,7,8,19,23
31,40,33,0,5,13,20
30,37,32
31,37,34,20
30,38,34,1,5,7,12,13,23
30,38,34,0,1,5,9,12
30,40,33,13,23,27
30,37,35,0,1,2,3,5,7,9,12
31,37,35,1,5,8
30,37,34,0,1
30,37,35,1,5,6,9,20,23
31,37,36,5
31,40,34,0,1,3,5,8,9,11
31,37,34
30,37,34,1,5,7,8,20,23,28
31,37,35,1,8,9,23
31,37,35,0,5,23
30,40,34,20
31,41,36,0,1,5,23
31,37,34,1,3,5,7,8,11,12,13,18,22,23,26
30,37,36,0,1,5,11
30,37,35,0,1,5,8,23,25
31,38,34,1,5
30,37,35,0,5,7,12,17
31,37,35,0,1,2,3,5,8,9,23
30,37,34
30,37,34,5,13,17
30,39,34,5,26
31,37,34,0,1,3,8,9,21
30,38,34,0,5,9,12
30,37,35,5,17,20
31,37,34,10,13,20,26
30,37,36,0,4,5,8,12,21
30,38,34,3,5,9
30,38,32,8
31,37,35,4,5,17,23
30,37,35,0
31,40,35,0,2,3,8,9,11
30,37,34,1,5
30,40,35,5,9
30,42,34,17
30,37,34,0,5,9,21,26
30,40,35,0,1,2,5,10
30,38,34,1,5,12,23,25
30,37,35,5
31,37,35,2,5
30,37,34,0,8
30,37,36,0,1,5,20
30,40,35,20
30,38,35,1,2,5,12
31,38,34,5,9
31,41,36,5
31,40,35,1,2,5,9
31,37,34,0,5,7,9,23,25
30,37,35,1,5,11
30,37,34,5,17
31,40,35,1,9,11,19
30,40,35,5,7,23
31,37,34,0,13,17,23
30,37,32,8,13,23
31,37,36,1,3,5,8,9,11
31,37,34,5,9,11,21,23
31,37,35,0,1,5
31,37,34,1,17,23,24
31,37,35,0,1,2,5
31,37,34,7,17,22
30,38,33,5,12
30,40,32,23,25
30,39,34,1
31,37,34,0,7,8,19,27
31,37,34,5,13,20,25
31,37,35,2,5,9
30,37,33,0,5,9,13
31,37,34,1,7,22,23
30,40,35,0,1,13,23
30,38,34,21,27
30,41,35,7,26
30,37,34,0,1,2,5,7,9
31,37,36,0,1,5
30,41,34,18,23
31,40,32,1,26,27
30,37,34,1,5,7
30,37,35,1,2,4,8
30,37,34
31,37,35
30,37,35,1,5
31,39,35,1,5,21
30,37,35,1
30,37,34,9
30,37,34,1,5,8,12,13,20,22,23,26,27
30,40,34,0,2,5,9
30,37,35,0,1,5,8,12
30,37,35,5,6
31,37,34
30,40,34,0,1,13,23,26
31,37,35
31,37,33,0,11,20,23
30,37,34,12
30,37,32,20
30,40,34,26
31,38,36,5,12
30,37,35,0,1,5,9,12
30,37,36,2,5
30,42,34,7
30,40,35,0,1,9
31,37,34,11,13
30,37,35,4,5
30,37,34,0,16
31,38,35,0,1,3,8,9
30,40,35,0,1
30,40,34,27
30,37,35,13,20
30,37,34,13,18,20,26
31,37,35,1,5,7,8,20,23
31,38,33,0,4,12,19,20,23
31,39,35,0,1,9,11,12
31,37,34,0,5,10,23
30,37,33,25,26,27
30,37,35,1,2,5,10,11,13,23
31,37,35,5
30,37,34
30,40,35,5
31,37,36,25
31,37,36,0,2,3,8,11
31,37,35,0,1
31,39,34,1,9,20,21,23
30,40,34,1,17
31,37,33,7
30,37,36,0,1,5,11,12
30,40,35,1,5
30,37,36,0,1,2,5,8,18
30,42,34,13,17,20
30,37,35
31,37,35,5,20
31,41,33
30,37,35,0,1,4,5,8,10,12,20,23,24
30,37,35,0,1,2,8
31,37,33,5,10,11,17,23
30,37,34
30,37,35,1,16,19
31,37,34,8,20
30,39,33,1,2,4
30,37,34,0,1,5,10,26
31,37,34,0,4,5,10,12
31,38,34,3,5,8,9,21
31,37,36,1,5
30,37,35,0,3,5,8,9,21
31,40,35,0,5,8
31,38,35,0,1,5,7,8,9,12
31,37,33,7
30,37,33,7,8
31,38,33,8,20,23
30,37,35,5,12,13,18,20,23,26
31,37,34,5,17
30,38,34,1,20,23
31,37,36,0,1,2,5,8,9,11,12
31,37,35,1,5,7,11
30,37,35,5,9
31,37,36,5,16,23
30,37,35,1
30,37,36,0,1,5,11,12,23
31,37,35,6,23
31,37,33,9,19
30,37,35,9,21
30,37,36,1,7
31,37,35,5,23
31,37,35,7
31,37,35,11,13,23
30,37,34,20,23,26
31,37,36,0,1,5,23
31,37,35,1,5,9,11
31,37,35,0,1,2,11
31,37,34
31,37,34,11
31,40,36,1,5,9,25
31,37,35,5,8,20
31,37,35,1,4,5,9,23
31,38,34,0,7,9,12,13,23
31,37,36,3,5,7
30,37,36,0,1,3,8
30,37,35,1,2,4
30,37,35,1,4,5,9
31,40,35,0,1,5,12,20
30,37,34,5,9
30,37,36,1,5,7,9,23
30,37,34,17,23
31,41,34
30,37,32
31,37,32,2,23
31,39,35,5,8,11,25
30,37,35,5,8
30,39,33,23,27
30,37,32,26
30,40,35,9
30,37,34,0,1,5,6,8,12,19,23
31,37,35,0,11,12,23
31,37,35,5,8,12,17,23
30,37,34,5
30,43,33,13,22,23,26
31,37,35,0,1,2,5,11,23
31,38,33,1,5,10,12,23
31,41,35,1,2
30,37,34,13,15,23,26,27
31,38,35,0,1
31,38,35,1,5
30,38,34,20,23,26
30,39,33,5,15
31,37,35,5,11
31,37,35,0,7,11,13,20,26
31,37,36,0,1,2
30,40,33,23
31,37,34,5,6,7,8
31,37,34,6
30,37,35,1,2,4,23
31,40,35,1,2,5,9,14,20,23
30,42,35,2,5,8,9,12,20,24
30,37,35,1,5,9,20
30,37,34,0,1
30,37,34,5,13,17,20,21,23
30,37,34
30,38,36,0,1,5,23
31,37,34,5,9,19
31,37,35,1,2,5,11,23,24
31,39,34,0,1,2,3,5,8,9,12
31,37,35,0,4,5,10
30,42,35,0,5,9
30,37,36,1,5
30,37,34,5
31,42,35,1,5,9
30,37,34,13,17,20,23
31,37,35,0,1,5
30,41,35,3,5,8,12,13,23,26
30,37,35,20,23
30,37,34,4,5,8,22,26
30,37,36,0,2
30,37,33,5,13,23,26
30,38,33
30,40,35,8,12
30,37,32
31,38,36,5,23
31,37,36,0,1,2
31,37,34,11,23
31,38,34,4,5,7,8,9,12
30,37,35,0,1,9,23
30,37,34,7,13
31,37,35,5,9
31,37,33,13,17,20,22,23
30,37,35,0,1,8
30,37,34,13
31,37,35,23
30,40,34
30,37,32
30,37,35,0,1,2,5,9,11,12,20
31,39,35,0,1,5,10,12,23
31,37,33,5,13,26
31,37,34,0,5,7,8,12
30,37,34,5
30,37,36,5,7,23
30,37,34,1,8,12,13,23,26
30,37,35,0,1,5,8,9,23
30,40,35,1,5
30,37,36,5
30,37,35,0,1,5,9,12
30,37,33,1
30,37,34,9,23
30,37,34,9,13,20,26
31,37,35,0,1,2,3,5,6,8,10,12,20,23,24
30,37,34,5
31,38,34,7,8,12,13,23,25,26,27,28
30,37,36,5,12,23
31,37,35,0,5,8,10,12
30,37,34,1,5,10,23
31,38,35,0,1,2,5,8,11,12,13,23,24
31,37,34
30,37,35,6,8
31,38,36,0,1,2,4,10,11,12
31,37,34,5
30,37,36,0,1,5,9,23
30,37,34,5,9
31,37,36
31,37,34,8,9
30,37,36,1,2
31,42,36,5,6
30,37,35
31,38,34,8,12,13,15,20
31,37,36,0,1,3,7,8,20,22,23
30,38,34,4,5,9,23
30,41,34,5,8,26
30,37,35,5,9
30,38,35,5,9,11
30,37,35,1,5,6,11,12
30,37,35,0,3,5,8
31,38,33,1
30,41,34,1,5,9,12,13,22,27
31,39,34,0,2,3,8,21
30,38,34,7,10,12,22,23
30,40,35,1,6
31,37,36,5,25
30,37,34,0,1,5,9
30,37,36,4,5,8,23
30,37,35,0,25
30,40,35,0,1,2,3,12,25
31,37,33,0,3,5,8
31,37,36,0,2,5
31,37,35,9,11
31,37,34,0,10,12,23
31,37,36,0,5,12,23
31,37,34,5,9,13,23
30,38,34,5,10,12
31,40,35,0,4,5,10,11
30,37,35,4,5
30,37,34,5,8,10
30,40,35,1,5,9
31,37,34,0,4,5,10
31,37,34,13,23,26
30,37,35,5,10,12,20,27
31,37,36,0,1,8,12,20,23
31,37,35,2,5
30,37,36,5,11,17,20
31,37,33,22
31,41,35,1,4,5,21
31,40,32,27
30,37,35,1,2,5,8,11,19,21
30,37,34,6
30,40,34,5,10
30,38,34,13
30,37,34,1,4,5,17,23
30,38,35,0,4,5,6,7,9,21,22,23
31,38,34,1,27
31,38,34,1,5,9
31,37,35,0,1,4,5,8,23
30,37,36,0,5,12,23
31,40,35,2,23
30,39,33,13,23
31,37,34,23
30,37,35,1,4,5,8,10,17,22
31,37,36,1,2,5,7,23
30,38,35,5,7,12,20,23
30,37,34,16,20,22,23
30,37,33,3
30,38,36,7,12
31,37,36,0,1,2,3,8,23
30,37,36,1,5,12,19
31,37,35,0,5,11
31,37,35,1,2,8,23
31,37,34,22,23,27
30,37,34,1,5,8,18
31,37,35,5,9,18
31,37,34,4,8,23
30,40,34,1,2,3,7,8,13,23
30,37,35,0,1,4,5,8
31,41,36,0,1,2,5,23
30,39,34,0,4,5,10,12
30,37,34,1,8
31,37,35,0,2,5,9
31,37,35,1,5,8,17,23
31,37,35,6,7,8,23
30,37,34,17,23
30,37,34,7
31,37,34,0,5,8,21,23
31,37,35,0,5,11,17
31,37,35,1,3,4,5,8,11,19,22,23
30,40,34,0,1,4,5,10
30,38,35,5,10,12,23
30,40,35,5,9
31,37,34,5,9,23
30,37,35,5,10,12
31,37,33,16,18,20
30,40,35,6,8,9
30,37,35,8
31,37,35,0,1,4,5
30,37,35,1,5,6,7,9
31,38,34,5
30,37,35,0,1,19,20
31,40,32,8,27
30,41,33
30,40,34
31,37,34,1,2,4,5,9
30,37,32
31,37,34,1,21,28
30,40,35,0,2,3,5,8,12
30,37,36,5,8,25,28
30,37,34,8,13
30,37,34,1,5,7
30,38,35,0,1,5,8,12,23
30,37,35,0,1,4,9
31,37,34,5
30,37,33,19,23,26
31,37,34,0,17,23
30,37,35,1,5,8,25
30,37,35,5,23
31,38,34,1,5,12,19,23
30,37,35,1,5,23
30,37,32
30,37,35,0,1,4,7,12,18,20,23
31,37,34,0,3,8,10,21
31,40,35,2,3,4,5
30,37,35,0,5,9,20
30,37,35,0,1,4,5,7,8,9,12
31,38,35,0,5,7,9,12,23
30,37,36
30,41,35
31,41,35,0,1,2,3,4,5,8,11,12
30,37,36,12,23,25
30,37,33,5,15
30,37,35,0,4,5,8,10,12
31,38,35,1,5,7
30,37,35,0,1,7,9,13,20,23
30,37,34,18,22
30,37,35,5,9,21
30,37,35,0,2,4
30,37,35,1,4,5,8,11,12,22,23
31,38,34,0,5,10,12,23
30,37,34,8,21
31,37,35
31,40,35,0,1,2,4,5,8,10,12,21,23
30,37,34,2,5,9
30,37,35,23
30,37,34,13,17
31,37,35,5,8,17,22
30,38,35,9
30,37,34,9
30,37,35,0,4,8,9
30,37,35,8,17,23
31,38,34,3,23
31,38,34,2,5,23
30,38,33,0,5,10,12,23
31,40,35,1,8,23
31,37,35,1
30,37,35,0,1,5,9,12
30,37,35,0,1,3,5,7,8,9,12,13,20
30,37,35,1,5,7,9,12
31,37,35,0,1,5
31,38,35,5,10,12
31,40,35,0,5,9
31,37,34,4,5,8,9
30,37,35,0,1,2,5
31,37,34,5,11
31,37,33
31,37,34,8
30,40,34,26
31,37,36,0,9,11,23
31,37,35,1,5
31,40,32,7,23
31,37,34,5
31,38,34,0,1,2,5,9,11,21
30,37,34
31,37,36,0,1,24
30,37,35,0,1,2,5,8,12,23
31,37,35,0,5,12,20
30,40,32,27
30,37,33,1,5
31,37,32,8,26
31,37,36,0,8,24
31,37,34,11,17
31,37,34,2,5
31,38,35,4
30,38,34,0,1,3,4,5,8,10,11,12,13
30,38,35,0,2,5,8,12,23
31,37,34,8,23
31,37,35,1,9,11,21
31,37,35,0,1,5,8,11
31,37,34
30,37,35,1,5,18
31,37,35,0,2
31,37,34,7,13
30,37,35,4,5,6
30,41,34
31,38,34,5,9
31,38,32,9
30,40,35,0,1,5,23
30,37,34,1,5,22,26
31,37,34,3,7,8,13,16,19,23
31,37,36,9,18,24
31,38,34,1,5
30,37,33,0,4,5
30,37,35,0,3,5,8,9
30,37,35,1,5,9,26
30,37,34,0,10,11,12
31,37,34,19
30,37,33,3
30,37,34,21
31,40,35,5,9
30,37,36,4,5,11
30,37,34
31,37,36,0,2,5
31,37,34,5,8
31,38,33,13,17
30,40,34,0,2,23
31,38,35,5,6,7,8,11,23
30,37,35,4,5,9,26
30,40,35,5,7,8,21,23
31,37,35,0,5,23
31,38,35,0,5,8,10,21,28
30,37,35,0,5,18,23
30,42,34
31,40,34,8,22
30,37,35,5,12,18,23
30,37,35,1,7,12
30,40,34,11,19
31,37,34,12
30,37,33,28
30,37,34,5,6,7,22,23
31,37,36,0,1,5,7,8
31,37,34,2,8
31,37,33,21,27
31,37,34,1,13,20,23,27
30,37,34,5,26
31,37,35,5
30,42,34,5
30,37,35,0,8,12
30,37,35,0,1,5,7
31,40,36,0
30,37,34,0,1,3,5,8,10,12,21
30,37,35,0,1,5,23
31,37,34
31,38,36,5,6,11
30,37,35,0,4,8,12,26
30,37,35,5,23
30,37,35,0,5,7,8,23
30,37,35,2,5,8,12,23,25,26
31,37,35,5
31,37,33,11,12,23
31,37,35,9
30,37,36,0,1,3,4,5,8
30,40,35,6,18,23,24
30,37,34,1,13,26
31,40,34,11
31,38,34,0,5,7,10,11,12,20,22,23,25
30,37,36,1,5,9
30,37,36,0,1,2,3,4,5,8,9,12,23
30,37,34,1,2,5,21
30,39,34,0,5,9
31,37,33,7,17
30,38,34,12,15,23
31,37,32,11
30,37,35,5
30,37,35,0,5,8,10
31,37,35,1,20
30,37,35,0,1,4,5,10,11,12
30,39,35,0,1,2,3,5,8,9,12,13,25
31,40,35,0,2,5,9
31,37,35,5,9
30,40,35,1,5,17,23
30,37,36,5,12,23
30,37,35,0,1,5,12
30,37,33,13,26
30,37,33,0,1,5,12,23
30,40,33,5,23,26,27
30,37,33,5,13,23
31,37,36,5,9
30,41,36,5,12,17
31,40,35,1,5,8,11
30,37,36,0,1,2,5,12,19
30,37,35,1,5,10,23
30,38,34,5,9,12
30,37,35,5,23
30,39,34,5,9
31,37,33,7
30,39,34,5,9,21,23
30,37,32
30,37,33,26,27
30,37,35,1,19
31,37,35,5,23
30,37,35,1,8
31,37,36,1,5
31,40,33,9
30,37,35,0,1,5,8,10,12,17
30,37,35,0,1,3,5,8,20,23
30,37,34,1
30,37,34,1,5,15,26,27
30,37,34,4,11
30,37,34,3,5,18,23
30,38,35,0,1,13,20
31,39,33,5,8
30,38,35,0
31,41,35,4,5,9
31,37,35,0,1,5,16,18
31,37,35,11,19
30,37,36,5,9,12
31,37,35,5,7,9,22,23
30,37,34,1,2,7,13,20,23,26
30,37,35,0,1,2,3,5,8,10,12,25
30,37,34,12,13,26
31,37,36,0,5,8
30,39,34,1,7,15,23,27
31,37,35,1,5,9,21
30,39,34,5,8
30,37,34,0,7,8,10,20,21,22,23
31,37,35,5,19
30,37,33,7,23,27
30,37,34,1,5
30,37,34,1
30,40,35,0,1,5,10,12
31,37,36,2,8
30,39,35,1,3,5,8
31,37,34,5,17,20,23,27
31,37,35,1,5
30,37,36,5,10,18
31,37,34,1,7,21,23
31,37,34,7,19
31,37,35,0,1,5,10,11,12,18,19
30,40,32
30,37,34,13
31,37,35,1,4,5,12,17,19
30,40,34,0,1,2,3,26
31,37,35,5
31,37,36,0,1,5,21,23
31,37,35,1,4,5,8,13,26
30,37,34,0,1,5,6,7,8,23
31,37,35,0,2,5
30,37,32,5,7,13,27
31,39,33
30,37,34,8,22,23
31,37,36,20
31,37,35,0,1,2,3,5,8,11
30,37,35,0,1,5,9,23
30,37,35,2,5,8,9
31,37,35,5,9
31,37,35,1,9,11,13,19,21
31,40,35,9
31,41,34,0,5,7,20,23
31,37,35,5,8,9,23
30,42,35,5
31,37,36,0,1,2,5,8,11,12,20,23
30,37,34,0,1,5
31,40,35,5,7,8,9
30,37,34,0,1,5,13,23,26
30,39,35,3,8,13
30,37,35,0,1,5,7
30,37,35,5
31,40,35,8,23
31,37,34,1,8,9,21,23
31,37,34,7,11
30,37,34,20,22,23
31,37,35,4,8
31,38,35,1,5,10,14,23
31,37,34,5,9,20,21
30,38,35,0,5,12,23
31,37,35,0,5,12,23
31,37,35,0,1,9
30,37,35,1,2,5
30,40,34,7,27
30,37,35,0,1,9,23
31,40,34,9,23
30,37,32,27
30,37,35,8
30,37,34,5
31,38,35,8,23
30,37,33,7,26
30,37,34,5,15
31,37,35,7
31,37,35,1,11,23
30,40,35,9
30,37,33,13,20,23,26
31,40,36,2,23
31,40,35,0,1,2,5,8,11,12,23
30,38,33,5,12,23
31,37,36,1,5,6
31,37,36,0,5,23
30,37,36,0,2,4
30,39,34,5,6,7
30,37,36,4,5,20
31,37,34,5,7,19,23
31,37,33,7,9,21,23,28
30,37,35,0,1,3,5,8,11,12,23
30,37,34,0,10
30,37,35,0,1,4
31,37,35,5,20,28
30,37,34,13,23,26
30,38,33,5,7,12,23
30,37,35
30,38,35,0,1,5,9,12,21,23
30,40,33
30,37,35,1,5,23
30,38,35,0,2,25
30,40,34,4,7,26
30,37,34,0,1,3,8,13,20,23
30,37,35,0,1,8
30,37,35,20,23
30,37,33
30,37,35,0,8
30,37,34,0,5,8,9,21,23
30,39,34,0,1,4,5,10,12
30,37,35,0,1,4,8,11,17,23,28
31,38,35,5,10
31,38,33,13,20,23,26
31,37,35,1,5,7,9
30,37,32,1
30,37,36,0,2,4,5,9,23,28
30,37,35,9,23
31,37,36,0,1,2,4,8,10
30,42,34,5
30,40,35,5
31,37,33,7,13,23
30,41,32,3,20,23
31,40,36,5,9,11
30,37,34,0,1,2,5
31,37,33
31,37,36,0,2,5,7,8,19,23
30,37,35,5
30,40,36,0,1,22,23
30,37,35,0,2,5,10,12,13
31,41,35,17
30,37,34,0,5,17,23
31,38,35,9,23
30,37,35,0,1,5
31,40,35,0,5,9,11
30,37,36,0,1,10,12,23
31,39,34,3,5,9,21
31,37,34,0,2,4,5,10,12
31,38,34,0,3,13,20,23
30,37,35,1,5,8
30,37,35,1,5,11,23
30,37,34,1,2,5,23
30,37,36,0,1
30,37,34,5,10
31,38,33,3,5,8,10,12
31,37,35,2,11
31,37,33,0,5,7,11,12,20,23,24,28
31,37,33,11,13
31,37,34,11,19
30,37,35,0,1,2,12,24
31,37,35,1,5,9,12,23
30,37,35,2,5,9
31,37,35,8
31,37,35,0,3,5,8,23
30,37,35
30,37,34,5
31,38,33,13,20,21,24,26
30,37,35,5
31,40,36,1,5,14
31,37,36,0,22,23
30,39,35,4,17
30,38,35,5,9,21
31,37,34,13,20,23,26
30,41,34,13,23
30,40,36,1,5,7
31,37,35,0,4,5,8,11,12,23
30,37,35,0,12
31,37,33,7,23,26
30,37,34,5,7
30,37,36,1,5,11,12
30,37,35,5,18
31,37,34,8,13,14,20,26
31,37,34,12,13,16
31,39,33,0,5,9,23
30,37,35,1,18
31,37,33,7,23
30,37,34,7,22,23,26
31,37,35,0,1,2,12
30,37,34,13,19
30,40,33,11,23,25
30,41,36,5,9
31,37,35,0,5,8,10,12,21,23,26
30,37,35,4,5,8,9,21
30,37,34,5,9
30,37,35,1,5,9,13,20,23,26
31,39,35,1,5,8,12
30,37,35,1,5
30,37,34,20,23
30,37,34,5
30,37,35,0,3,5,8,9
30,37,35,0,1,5
31,37,35,0,1,5,23
31,39,34,16,22
31,37,33,11,20,23,26
30,37,35,0,8,9
30,37,35,5,11,20
30,40,35,1,5,9,19
31,37,35,0,1,5,9
31,37,33,13,19,23,27
31,37,34
30,37,35,1,4,5
30,37,33
30,38,33,9,13,20,23
30,37,34,0,10,12,23
31,37,32
30,38,34,5,15,23
31,38,34,5
31,37,34,1,8,23
30,37,35,1,2,5,12,25,26
31,41,35,7,17
30,37,36,1,13
31,42,36,19
30,37,35,1,5,12
31,37,35,5,7,17,19
31,37,35,5,7
30,37,35,5,7,23
30,37,34,1
31,37,34,5
30,37,34,5
30,37,33
31,37,33,1,5,20,23,26
31,40,35,0,1,8,9
30,37,36,0,1,2,5,12
30,40,35,2,5,9,19
31,37,35,5,8,9
31,37,35,4,5,8,20,23
30,37,36,0,1,5,8,12,20,22
31,37,34,27
31,37,35,1,5
31,37,34,11,17
30,37,34,11
30,37,35,1,5
30,37,35,1,9
30,37,34,20,22
31,37,35,5,8,11,13,18,23,27
31,40,33
31,37,35,5
30,37,34,0,1,5,10,12,21
30,41,34,2,5,26
30,37,33
30,37,35,1,8,20
31,37,36,5,12
30,37,33,7,8,13,20,26
30,37,35,0,8,22
31,37,36,1,2,5,12,20
31,38,34,20,21,23
30,37,35,5,6,7,18
30,37,35,4,5,9,12
30,37,35,0,1,4,5,9
30,40,35,5,7,9,23
30,37,34,0,5
30,37,35,0,1,5,8,9,21
30,37,35,9
31,37,35,1,5
31,37,34,13
30,37,32
30,37,35,5,7,11
31,42,34
30,37,35,0,5,12,20
31,37,35,5,9
30,37,35,1,5,8,17,23
31,37,34,20
31,37,34,0,1,8
30,37,34,0,5,12
31,37,33,23
31,37,35,0,1,5
31,37,33,5,20,23
30,40,35,5,9
31,37,34,1,7,17,20,23
31,37,36,0,3,5,8
30,37,35,11
30,37,35,0,2,3,5,8,26
31,38,36,5,9
30,37,35,5,9
30,37,35,1,2,8
30,37,34,0,3,5,8,10
30,37,33,0
30,40,35,5,9
30,40,35,4
31,40,34,1,3,5,11,13,19,20
30,37,33
30,37,32,27
31,37,35,4,5,7,9,11,24
30,38,35,0,1,5,9,20,21,23
30,37,35,0,1,2,3,8,20
31,39,34,0,6,7,13,23
30,40,34,13,19,26,27
31,38,33,5,17
30,37,35,0,1,3,5,8,12,13,21,23
30,37,33
30,42,34,0,23
31,38,36,3,5,12,23
30,37,35,0,5,9
30,37,34,1
30,37,35,0,1,5,17,23
30,37,35,1,5,8,9,23
30,37,32
30,39,34,1,2,4,5,7,8,25
30,39,33,23
30,37,35,0,4,5,9,23
31,37,33
30,37,32,7,9,11,20,23
30,37,34,0,1,5,7,12
31,37,36,1,5,9
30,37,36,0,3,4,9
31,37,34,13
31,37,34,4,5
30,37,36,1,2,5,8,12,18,27
30,37,35,5
30,37,34,0,3,5,8,9,21,26
31,38,33,1
31,37,35,0,1,8,11
31,37,33
30,38,35,1,4,9,12,19,25
30,37,36,0,2,5,8
30,41,36,5
30,40,36,1,4,9
31,38,35,4,12
30,37,34,23
31,37,33,17
31,38,34,5,23
31,37,35,5
31,37,34,4,5
30,37,34,5,10,12,20,23
30,40,33,27
31,37,33,7,13,23
31,39,35,0,1,5,9,11,12
31,37,35,3,11
31,40,35,1,4,5,8
30,40,36,1,5
31,37,35,11,17,22,23
30,41,33,20,23
30,37,35,2,8
30,41,34,5,13,20,23,26
31,37,35,0,1,5,9,23
30,37,34,5,8,26
31,37,34,7,17,20,23
30,37,33,14,27
30,37,34,5,8,9,11,18
31,40,35
30,39,35,0,1,4,8,10,12,23
30,37,34,5,8,12,13,23
30,39,34,5,27
31,40,35,18,23
30,37,35,0,4,5,9
31,37,35,2,3,5,7,9
31,40,36,1,5
30,40,33,20,26
31,37,34,0,1,18,19
30,37,36,0,1,5,7,12
31,37,36,2,3,4,8,11
30,37,35,1,5,7,9
30,37,35,1,5
30,37,33
31,37,35,5,22,23
31,37,35,8,22,23
30,37,34,12,13,26
31,37,33,1,27
30,37,34,1,26
31,37,35,0,4,5,8,24
31,37,36,1,2,3,5,8,9
31,37,35,5,7,9
30,37,35,5,7
31,37,35,5,8
30,37,33
31,37,34,2
31,37,34,0,7,20,21
30,37,34,27
31,37,36,3,5,8,11,12,23
30,40,34,26
31,37,33,0,8,23
30,37,34,0,5,10,12
30,37,35,0,1,5,8,23
31,37,35,1,7,17,23,27
30,37,35,6
31,38,34,5,8,24
30,37,35,1,5,9,12
31,38,34,5,7
30,37,33,11,27
31,37,36,0,1,4,9,12
30,40,34,5
30,37,34,5,6
30,39,35,5,9
31,38,34,5
30,41,33,10
30,37,33,27
30,39,34,13,18,23
31,40,36,1,5,17
30,40,35,1,5
30,37,35,5,7,9,11,17,20,23
31,40,35,1,5
30,37,36,1,4,5,11,12,23
31,37,34,5,23
30,37,35,5,8,10,13,22,24,26
30,37,33
30,37,34,5,13,26
30,37,36,0,1,5,10,12
30,37,34,8,20
31,37,35,5
30,37,35,0,3,4,5,8,10,12
30,41,32
31,37,35,0,8,12,23
31,37,35,0,1,5,11
30,41,33,7,27
30,37,35,0,1,4,5,9,12
30,37,36
30,37,34,0,1,5
30,37,34,1,2,7,11,23
30,37,35
31,37,35,1,23
30,37,35,0,1,4,5,11,12
31,37,35,0,1
31,37,34,17
30,37,34,17,23
31,37,36,0,4,5,9,12
30,40,35,1,4,5
31,40,35,9,23,28
31,37,36,0,1,2,23
30,37,33,7
30,37,35,5
31,37,35,3,4,5,8,12,23
31,37,34,11,13,17,23
31,37,36,5,23
30,37,35,5,23
30,37,33,8,11,21
30,37,34
30,38,32
30,37,35,0,1,2
30,40,35,1,2,4,22
30,37,33,1,2,8,13,15,27
30,37,35,4,9,18
31,37,36,0,1,9,11,12
31,37,35,0,8
31,37,36,0,7,9,12,20,23
31,37,35
30,39,33,8,12,13
31,37,34,5
30,37,35,0,1,2,4,10,19,23
31,37,36,5,7,11
30,38,34,0,5,8,9,27
30,37,35,0,2,5,8,9,12,23
30,37,34,8
30,40,34,5
31,39,36,5,9
30,40,34,0,1,5
30,37,34,1,5,9,23
30,37,35,5,8,9
30,37,34,1,5,23
31,39,35,9
30,37,35,1,5
30,37,34,1
30,37,34,5,8
31,37,35,9
31,37,34,11,16
30,37,34,2,7
30,37,33,13
31,38,36,0,1,5,20,23
31,39,34,17,23
30,37,34,5
31,37,33,13,17,20
30,37,34
30,40,34,1,2
31,37,32,1,9,13,23
31,41,34,2,5,10,11
30,37,34,17
30,37,36,1,5,11,12
31,37,36,0,1,5,8,11,23,28
31,37,35,0,5,7,8,11,12
31,38,34,1,2,3,5,8
30,37,36,0,1,2,4,5,12,20,23
30,37,35,1,5
31,37,35,5,23
30,37,35,0,2,5
31,37,34,1,8
31,37,34,5,11
30,37,35,0,1,5,10,12
30,42,35,1,5,8,9,11,12,23
31,37,36,1,2,11
31,37,35,0,1,5,8,23
31,40,34,5,19,23
31,42,34,17
30,37,34,4,5,7,8,21
31,37,35,0,8,9,20,23,26
31,38,33,5
31,37,33,1,11,21
31,37,34,4,5,8,23
31,37,36,0,1,5,9,18,23
30,40,34,1,12
30,37,34,5,7,18
30,37,34
31,37,35,1,5,7,8,9,23,28
30,40,34,0,1,2
30,38,34,5
31,37,35,23
31,40,35,0,1,2,5,11,23
30,37,35,1,11
31,37,34,5,25,27
30,37,35,1,4,9
30,37,35,0,3,4,5,8,10,12,20,23
31,37,34,2,5,10,13,20,23
30,37,35,1,5,21
30,40,34,1,3
30,37,35,1,5,10
30,37,35,5,9,11,20
31,37,36,0,1,4,5,9,12,23
30,37,33,6,7,23
30,42,35,9,13
30,37,36,0,1,2
30,37,35,5
31,37,34,4,7,9,20,23
31,37,35,23
30,40,34,13,20,22
31,37,35,0,1,5,8,9,12
31,38,34,9,11,23
31,37,34,5,21,23
30,37,34,0,3,8,23,26
31,37,33
30,37,35,4
31,38,35,0,5,9,18,27
31,37,34,5,9
31,37,35,0,1,2,5,8,9,19,20
30,37,35,6,17,23
30,37,33